3.3278,3.3401,
3.3531,
3.3658,
3.3781,
3.3901,
3.4018,
3.4131,
3.4241,
3.4348,
3.4452,
3.4553,
3.4651,
3.4746,
3.4839,
3.4928,
3.5015,
3.5099,
3.5181,
3.526,
3.5337,
3.5411,
3.5484,
3.5553,
3.5621,
3.5686,
3.5749,
3.5811,
3.587,
3.5927,
3.5982,
3.6036,
3.6087,
3.6137,
3.6186,
3.6232,
3.6277,
3.632,
3.6362,
3.6402,
3.6441,
3.6479,
3.6515,
3.6549,
3.6583,
3.6615,
3.6646,
3.6676,
3.6705,
3.6733,
3.676,
3.6785,
3.681,
3.6834,
3.6857,
3.6879,
3.69,
3.6921,
3.6941,
3.696,
3.6978,
3.6996,
3.7013,
3.7029,
3.7045,
3.7061,
3.7075,
3.709,
3.7104,
3.7117,
3.7131,
3.7143,
3.7156,
3.7168,
3.718,
3.7192,
3.7203,
3.7214,
3.7225,
3.7236,
3.7246,
3.7257,
3.7267,
3.7278,
3.7288,
3.7298,
3.7308,
3.7318,
3.7329,
3.7339,
3.7349,
3.7359,
3.737,
3.738,
3.7391,
3.7402,
3.7412,
3.7424,
3.7435,
3.7446,
3.7458,
3.747,
3.7482,
3.7494,
3.7506,
3.7519,
3.7532,
3.7546,
3.7559,
3.7573,
3.7587,
3.7602,
3.7617,
3.7632,
3.7648,
3.7664,
3.768,
3.7697,
3.7714,
3.7731,
3.7749,
3.7767,
3.7786,
3.7805,
3.7825,
3.7845,
3.7865,
3.7886,
3.7907,
3.7929,
3.7951,
3.7973,
3.7996,
3.802,
3.8044,
3.8068,
3.8093,
3.8118,
3.8144,
3.817,
3.8197,
3.8224,
3.8251,
3.8279,
3.8308,
3.8337,
3.8366,
3.8396,
3.8427,
3.8458,
3.8489,
3.8521,
3.8553,
3.8586,
3.8619,
3.8653,
3.8687,
3.8721,
3.8756,
3.8792,
3.8828,
3.8864,
3.8901,
3.8938,
3.8975,
3.9014,
3.9052,
3.9091,
3.913,
3.917,
3.921,
3.9251,
3.9292,
3.9333,
3.9375,
3.9417,
3.946,
3.9503,
3.9546,
3.959,
3.9634,
3.9678,
3.9723,
3.9768,
3.9813,
3.9859,
3.9905,
3.9952,
3.9999,
4.0046,
4.0093,
4.0141,
4.0189,
4.0237,
4.0286,
4.0335,
4.0384,
4.0434,
4.0484,
4.0534,
4.0584,
